FO: 59635.80
TIME (seg): 300.00

ALLOCATIONS
1 13
2 13
3 5
4 13
5 5
6 6
7 13
8 5
9 13
10 13
11 16
12 13
13 13
14 16
15 13
16 16
17 13
18 28
19 13
20 13
21 13
22 28
23 28
24 28
25 13
26 28
27 13
28 28
29 13
30 56
31 28
32 56
33 56
34 82
35 28
36 28
37 56
38 56
39 56
40 56
41 56
42 56
43 56
44 56
45 56
46 82
47 28
48 56
49 82
50 82
51 82
52 82
53 56
54 56
55 82
56 56
57 56
58 56
59 56
60 82
61 82
62 82
63 56
64 56
65 56
66 82
67 82
68 82
69 28
70 56
71 56
72 56
73 82
74 82
75 82
76 137
77 144
78 56
79 56
80 56
81 82
82 82
83 82
84 137
85 144
86 144
87 144
88 56
89 56
90 56
91 82
92 82
93 82
94 82
95 82
96 82
97 82
98 137
99 137
100 144
101 56
102 56
103 82
104 82
105 82
106 82
107 137
108 137
109 144
110 144
111 160
112 82
113 82
114 82
115 137
116 137
117 137
118 144
119 144
120 160
121 160
122 160
123 160
124 82
125 137
126 137
127 137
128 144
129 160
130 160
131 160
132 160
133 160
134 160
135 137
136 137
137 137
138 137
139 160
140 160
141 160
142 160
143 144
144 144
145 144
146 160
147 160
148 160
149 160
150 160
151 160
152 160
153 137
154 144
155 160
156 160
157 160
158 160
159 160
160 160
161 160
162 160
163 160
164 160
165 160
166 160
167 137
168 144
169 160
170 160
171 160
172 160
173 144
174 144
175 160
176 160
177 160
178 160
179 160
180 137
181 144
182 144
183 144
184 144
185 144
186 160
187 160
188 160
189 160
190 160
191 144
192 144
193 144
194 144
195 144
196 144
197 160
198 160
199 160
200 144
