FO: 53935.47
TIME (seg): 300.00

ALLOCATIONS
1 6
2 6
3 6
4 6
5 6
6 6
7 6
8 6
9 6
10 6
11 6
12 6
13 6
14 38
15 38
16 38
17 18
18 18
19 18
20 18
21 44
22 44
23 44
24 44
25 44
26 44
27 6
28 6
29 6
30 53
31 53
32 53
33 38
34 38
35 53
36 38
37 38
38 38
39 38
40 38
41 44
42 44
43 44
44 44
45 44
46 44
47 72
48 53
49 53
50 53
51 53
52 53
53 53
54 53
55 53
56 53
57 53
58 38
59 38
60 38
61 85
62 85
63 44
64 44
65 44
66 91
67 91
68 72
69 72
70 91
71 72
72 72
73 72
74 72
75 72
76 72
77 53
78 53
79 53
80 38
81 81
82 82
83 82
84 85
85 85
86 85
87 85
88 85
89 91
90 91
91 91
92 91
93 91
94 91
95 91
96 72
97 91
98 72
99 72
100 72
