FO: 53795.04
TIME (seg): 300.00

ALLOCATIONS
1 6
2 6
3 22
4 6
5 6
6 6
7 6
8 6
9 6
10 6
11 6
12 6
13 33
14 33
15 33
16 33
17 18
18 18
19 18
20 20
21 22
22 22
23 22
24 22
25 22
26 22
27 6
28 6
29 33
30 33
31 33
32 33
33 33
34 33
35 33
36 39
37 39
38 39
39 39
40 39
41 41
42 22
43 22
44 22
45 22
46 71
47 71
48 71
49 33
50 33
51 71
52 39
53 39
54 39
55 39
56 39
57 39
58 39
59 39
60 39
61 85
62 85
63 71
64 85
65 71
66 71
67 71
68 71
69 71
70 71
71 71
72 71
73 71
74 71
75 71
76 71
77 71
78 39
79 39
80 39
81 82
82 82
83 82
84 85
85 85
86 85
87 85
88 85
89 71
90 71
91 71
92 71
93 71
94 71
95 71
96 71
97 71
98 71
99 71
100 71
