FO: 59999.08
TIME (seg): 300.00

ALLOCATIONS
1 27
2 27
3 27
4 27
5 27
6 11
7 27
8 27
9 27
10 27
11 11
12 27
13 27
14 11
15 27
16 11
17 27
18 26
19 27
20 27
21 26
22 26
23 26
24 26
25 27
26 26
27 27
28 26
29 27
30 27
31 67
32 27
33 27
34 67
35 26
36 26
37 27
38 27
39 27
40 27
41 27
42 27
43 27
44 67
45 67
46 67
47 62
48 27
49 67
50 67
51 67
52 62
53 100
54 100
55 62
56 100
57 100
58 27
59 67
60 67
61 67
62 62
63 100
64 100
65 100
66 67
67 67
68 62
69 62
70 100
71 100
72 100
73 95
74 67
75 67
76 62
77 100
78 100
79 100
80 95
81 95
82 95
83 95
84 62
85 100
86 100
87 100
88 100
89 140
90 140
91 95
92 95
93 95
94 95
95 95
96 95
97 95
98 62
99 62
100 100
101 100
102 140
103 95
104 95
105 95
106 95
107 95
108 62
109 100
110 100
111 140
112 95
113 95
114 95
115 95
116 62
117 62
118 100
119 100
120 140
121 140
122 140
123 140
124 95
125 95
126 95
127 62
128 100
129 140
130 140
131 140
132 140
133 140
134 140
135 95
136 95
137 95
138 95
139 140
140 140
141 140
142 140
143 182
144 100
145 185
146 140
147 140
148 140
149 140
150 140
151 140
152 140
153 95
154 185
155 140
156 140
157 140
158 140
159 140
160 140
161 140
162 140
163 140
164 140
165 140
166 140
167 140
168 185
169 185
170 140
171 140
172 140
173 182
174 185
175 185
176 140
177 140
178 140
179 140
180 140
181 182
182 182
183 185
184 185
185 185
186 140
187 140
188 140
189 140
190 140
191 182
192 182
193 182
194 182
195 185
196 185
197 185
198 185
199 140
200 182
