FO: 54360.60
TIME (seg): 300.00

ALLOCATIONS
1 1
2 1
3 42
4 42
5 12
6 12
7 12
8 9
9 9
10 12
11 14
12 12
13 14
14 14
15 14
16 14
17 18
18 18
19 18
20 18
21 42
22 42
23 42
24 42
25 42
26 42
27 35
28 14
29 35
30 35
31 35
32 35
33 14
34 35
35 35
36 35
37 35
38 35
39 35
40 35
41 42
42 42
43 42
44 42
45 42
46 74
47 74
48 74
49 35
50 35
51 74
52 35
53 35
54 35
55 35
56 35
57 35
58 35
59 35
60 35
61 85
62 85
63 42
64 85
65 74
66 85
67 74
68 74
69 74
70 74
71 74
72 74
73 74
74 74
75 74
76 74
77 74
78 74
79 74
80 35
81 82
82 82
83 82
84 85
85 85
86 85
87 85
88 85
89 85
90 74
91 74
92 74
93 74
94 74
95 74
96 74
97 74
98 74
99 74
100 74
