FO: 59831.53
TIME (seg): 300.00

ALLOCATIONS
1 27
2 27
3 27
4 27
5 27
6 6
7 27
8 27
9 27
10 27
11 11
12 27
13 27
14 11
15 27
16 11
17 27
18 26
19 27
20 27
21 26
22 26
23 26
24 26
25 27
26 26
27 27
28 26
29 54
30 27
31 26
32 54
33 27
34 27
35 26
36 26
37 27
38 54
39 54
40 54
41 54
42 27
43 27
44 80
45 80
46 80
47 26
48 80
49 80
50 80
51 80
52 26
53 54
54 54
55 26
56 54
57 54
58 80
59 80
60 80
61 80
62 116
63 54
64 54
65 80
66 80
67 80
68 116
69 116
70 54
71 54
72 54
73 80
74 80
75 116
76 116
77 143
78 54
79 80
80 80
81 80
82 80
83 116
84 116
85 143
86 143
87 54
88 54
89 80
90 80
91 80
92 80
93 80
94 80
95 80
96 80
97 116
98 116
99 116
100 54
101 80
102 80
103 80
104 80
105 80
106 116
107 116
108 116
109 143
110 54
111 80
112 80
113 80
114 80
115 116
116 116
117 116
118 143
119 80
120 80
121 80
122 80
123 80
124 80
125 116
126 116
127 116
128 80
129 170
130 170
131 170
132 170
133 170
134 170
135 170
136 116
137 116
138 116
139 170
140 170
141 170
142 170
143 143
144 143
145 143
146 170
147 170
148 170
149 170
150 170
151 170
152 170
153 116
154 143
155 170
156 170
157 170
158 170
159 170
160 170
161 170
162 170
163 170
164 170
165 170
166 170
167 170
168 170
169 170
170 170
171 170
172 170
173 143
174 143
175 186
176 186
177 186
178 186
179 186
180 186
181 143
182 143
183 143
184 186
185 186
186 186
187 186
188 186
189 186
190 186
191 143
192 143
193 143
194 143
195 143
196 186
197 186
198 186
199 186
200 143
